<?xml version="1.0" encoding="UTF-8" standalone="no" ?>
<!DOCTYPE svg PUBLIC "-//W3C//DTD SVG 1.1//EN" "http://www.w3.org/Graphics/SVG/1.1/DTD/svg11.dtd">
<svg xmlns="http://www.w3.org/2000/svg" xmlns:xlink="http://www.w3.org/1999/xlink" version="1.1" width="864" height="456" viewBox="0 0 864 456" xml:space="preserve">
<desc>Created with Fabric.js 4.3.1</desc>
<defs>
</defs>
<g transform="matrix(1 0 0 1 425 224.83)"  >
<path style="stroke: rgb(0,0,0); stroke-width: 3; stroke-dasharray: none; stroke-linecap: round; stroke-dashoffset: 0; stroke-linejoin: round; stroke-miterlimit: 10; fill: none; fill-rule: nonzero; opacity: 1;"  transform=" translate(-425, -224.83)" d="M 172 52.497 Q 172 52.5 170.5 58 Q 169 63.5 169 66 Q 169 68.5 169.5 73 Q 170 77.5 170.5 81.5 Q 171 85.5 171.5 90.5 Q 172 95.5 172.5 101.5 Q 173 107.5 173 113 Q 173 118.5 173 125 Q 173 131.5 173.5 137.5 Q 174 143.5 174.5 149.5 Q 175 155.5 175.5 161.5 Q 176 167.5 176.5 174 Q 177 180.5 177 187 Q 177 193.5 177 200.5 Q 177 207.5 177 213.5 Q 177 219.5 177 225 Q 177 230.5 177.5 237 Q 178 243.5 178 249 Q 178 254.5 178 260.5 Q 178 266.5 178 273 Q 178 279.5 178 285.5 Q 178 291.5 178 296.5 Q 178 301.5 178 306 Q 178 310.5 178 315 Q 178 319.5 178 323 Q 178 326.5 177.5 330 Q 177 333.5 177 337.5 Q 177 341.5 177 346 Q 177 350.5 177 354 Q 177 357.5 176.5 360 Q 176 362.5 176 365 Q 176 367.5 175.5 369.5 Q 175 371.5 175 374 Q 175 376.5 174 379.5 Q 173 382.5 172.5 386 Q 172 389.5 171.5 391.5 Q 171 393.5 171 395.5 Q 171 397.5 174 396.5 Q 177 395.5 180.5 394.5 Q 184 393.5 187.5 392.5 Q 191 391.5 195.5 390.5 Q 200 389.5 204.5 388.5 Q 209 387.5 214 386.5 Q 219 385.5 225 384.5 Q 231 383.5 237 383 Q 243 382.5 249.5 381.5 Q 256 380.5 263 380 Q 270 379.5 277 379.5 Q 284 379.5 291.5 379.5 Q 299 379.5 306.5 380 Q 314 380.5 322.5 380 Q 331 379.5 339.5 379 Q 348 378.5 357 378 Q 366 377.5 375.5 376.5 Q 385 375.5 394 375 Q 403 374.5 412.5 374 Q 422 373.5 431.5 372.5 Q 441 371.5 451 370.5 Q 461 369.5 472 368.5 Q 483 367.5 493.5 366.5 Q 504 365.5 514.5 365.5 Q 525 365.5 533 365 Q 541 364.5 553 364.5 Q 565 364.5 575 364 Q 585 363.5 594.5 363 Q 604 362.5 613.5 362 Q 623 361.5 632 361 Q 641 360.5 649 360 Q 657 359.5 663.5 359 Q 670 358.5 675.5 358 L 681.003 357.497" stroke-linecap="round" />
</g>
<g transform="matrix(1 0 0 1 478.5 286)"  >
<path style="stroke: rgb(0,0,0); stroke-width: 3; stroke-dasharray: none; stroke-linecap: round; stroke-dashoffset: 0; stroke-linejoin: round; stroke-miterlimit: 10; fill: none; fill-rule: nonzero; opacity: 1;"  transform=" translate(-478.5, -286)" d="M 161.997 397.503 Q 162 397.5 163 394.5 Q 164 391.5 165.5 390 Q 167 388.5 168 386.5 Q 169 384.5 170.5 382.5 Q 172 380.5 174 378.5 Q 176 376.5 177.5 374 Q 179 371.5 181.5 368.5 Q 184 365.5 186.5 363 Q 189 360.5 191.5 357.5 Q 194 354.5 197 351.5 Q 200 348.5 202.5 345 Q 205 341.5 207.5 338.5 Q 210 335.5 213 332 Q 216 328.5 219 324.5 Q 222 320.5 225 317 Q 228 313.5 231 310 Q 234 306.5 236.5 303 Q 239 299.5 242 296 Q 245 292.5 247.5 288.5 Q 250 284.5 253 280.5 Q 256 276.5 259 273 Q 262 269.5 265 265 Q 268 260.5 271 257 Q 274 253.5 277 249.5 Q 280 245.5 284 241 Q 288 236.5 292 232.5 Q 296 228.5 300 224.5 Q 304 220.5 307.5 217 Q 311 213.5 315 210.5 Q 319 207.5 323 204 Q 327 200.5 330.5 198 Q 334 195.5 337.5 193.5 Q 341 191.5 345 190 Q 349 188.5 352.5 187 Q 356 185.5 359 184 Q 362 182.5 366 181.5 Q 370 180.5 374 179.5 Q 378 178.5 381.5 177.5 Q 385 176.5 388.5 176 Q 392 175.5 395.5 175 Q 399 174.5 402 174.5 Q 405 174.5 408.5 174.5 Q 412 174.5 415.5 174.5 Q 419 174.5 422.5 174.5 Q 426 174.5 429.5 174.5 Q 433 174.5 436.5 174.5 Q 440 174.5 443 174.5 Q 446 174.5 449.5 175 Q 453 175.5 456.5 175.5 Q 460 175.5 463.5 176 Q 467 176.5 470.5 177 Q 474 177.5 477 178 Q 480 178.5 483.5 179.5 Q 487 180.5 490.5 181 Q 494 181.5 497.5 182 Q 501 182.5 504.5 183 Q 508 183.5 512 184.5 Q 516 185.5 519.5 186 Q 523 186.5 526.5 187.5 Q 530 188.5 534 189.5 Q 538 190.5 541.5 191.5 Q 545 192.5 548.5 193 Q 552 193.5 555.5 194.5 Q 559 195.5 562.5 197 Q 566 198.5 569 200 Q 572 201.5 575 203 Q 578 204.5 580.5 206 Q 583 207.5 586 209.5 Q 589 211.5 592 213 Q 595 214.5 597.5 216 Q 600 217.5 602.5 219.5 Q 605 221.5 607.5 223 Q 610 224.5 612 226.5 Q 614 228.5 616.5 230.5 Q 619 232.5 621.5 234.5 Q 624 236.5 626 238.5 Q 628 240.5 630 242.5 Q 632 244.5 634.5 246.5 Q 637 248.5 639.5 250.5 Q 642 252.5 644.5 254.5 Q 647 256.5 649 259 Q 651 261.5 653.5 263.5 Q 656 265.5 658 268 Q 660 270.5 662 272.5 Q 664 274.5 666 277 Q 668 279.5 670.5 282 Q 673 284.5 674.5 286.5 Q 676 288.5 678.5 291.5 Q 681 294.5 683.5 296.5 Q 686 298.5 688 301 Q 690 303.5 692.5 305.5 Q 695 307.5 697.5 310 Q 700 312.5 702 315 Q 704 317.5 706 320 Q 708 322.5 710.5 324.5 Q 713 326.5 715.5 328.5 Q 718 330.5 720.5 332.5 Q 723 334.5 725.5 337 Q 728 339.5 730 341.5 Q 732 343.5 734.5 345.5 Q 737 347.5 739 349 Q 741 350.5 743.5 352.5 Q 746 354.5 748.5 356 Q 751 357.5 753.5 358.5 Q 756 359.5 758 360.5 Q 760 361.5 763.5 363 Q 767 364.5 769.5 365.5 Q 772 366.5 774.5 367.5 Q 777 368.5 780 369.5 Q 783 370.5 785.5 371.5 Q 788 372.5 791.5 373.5 L 795.003 374.503" stroke-linecap="round" />
</g>
<g transform="matrix(1 0 0 1 736 360)"  >
<path style="stroke: rgb(0,0,0); stroke-width: 3; stroke-dasharray: none; stroke-linecap: round; stroke-dashoffset: 0; stroke-linejoin: round; stroke-miterlimit: 10; fill: none; fill-rule: nonzero; opacity: 1;"  transform=" translate(-736, -360)" d="M 682.997 363.5 Q 683 363.5 685 363.5 Q 687 363.5 689 363.5 Q 691 363.5 693.5 363.5 Q 696 363.5 699 363 Q 702 362.5 705 362 Q 708 361.5 711.5 361.5 Q 715 361.5 719 361 Q 723 360.5 727 360 Q 731 359.5 735 359.5 Q 739 359.5 743.5 359 Q 748 358.5 752 358.5 Q 756 358.5 760 358 Q 764 357.5 768 357.5 Q 772 357.5 775.5 357 Q 779 356.5 782 356.5 Q 785 356.5 787 356.5 L 789.003 356.5" stroke-linecap="round" />
</g>
<g transform="matrix(1 0 0 1 447.5 413.56)"  >
<path style="stroke: rgb(0,0,0); stroke-width: 3; stroke-dasharray: none; stroke-linecap: round; stroke-dashoffset: 0; stroke-linejoin: round; stroke-miterlimit: 10; fill: none; fill-rule: nonzero; opacity: 1;"  transform=" translate(-447.5, -413.56)" d="M 427.997 430.503 Q 428 430.5 428.5 432.5 Q 429 434.5 430.5 431.5 Q 432 428.5 433 426 Q 434 423.5 435 420.5 Q 436 417.5 437 414.5 Q 438 411.5 439 408 Q 440 404.5 441.5 401.5 Q 443 398.5 443.5 396.5 Q 444 394.5 442 399.5 Q 440 404.5 440 408 Q 440 411.5 440 413.5 Q 440 415.5 442.5 414 Q 445 412.5 446 410 Q 447 407.5 447.5 405.5 Q 448 403.5 448.5 400 Q 449 396.5 449.5 394.5 Q 450 392.5 452.5 397 Q 455 401.5 456.5 405.5 Q 458 409.5 459.5 412 Q 461 414.5 462.5 416.5 Q 464 418.5 465.5 420 L 467.003 421.503" stroke-linecap="round" />
</g>
<g transform="matrix(1 0 0 1 839 342.5)"  >
<path style="stroke: rgb(78,78,243); stroke-width: 3; stroke-dasharray: none; stroke-linecap: round; stroke-dashoffset: 0; stroke-linejoin: round; stroke-miterlimit: 10; fill: none; fill-rule: nonzero; opacity: 1;"  transform=" translate(-839, -342.5)" d="M 838.997 342.5 L 839.003 342.5" stroke-linecap="round" />
</g>
<g transform="matrix(1 0 0 1 428 271.56)"  >
<path style="stroke: rgb(78,78,243); stroke-width: 3; stroke-dasharray: none; stroke-linecap: round; stroke-dashoffset: 0; stroke-linejoin: round; stroke-miterlimit: 10; fill: none; fill-rule: nonzero; opacity: 1;"  transform=" translate(-428, -271.56)" d="M 173.997 403.503 Q 174 403.5 189 395.5 Q 204 387.5 219 380.5 Q 234 373.5 250 364.5 Q 266 355.5 279 345 Q 292 334.5 301.5 318.5 Q 311 302.5 319 288.5 Q 327 274.5 335.5 257 Q 344 239.5 353.5 222 Q 363 204.5 371.5 191 Q 380 177.5 393.5 164 Q 407 150.5 423 144.5 Q 439 138.5 457.5 142 Q 476 145.5 489.5 155 Q 503 164.5 514.5 175.5 Q 526 186.5 536 199 Q 546 211.5 554.5 225.5 Q 563 239.5 572.5 255 Q 582 270.5 590 285 Q 598 299.5 609 313.5 Q 620 327.5 634.5 336 Q 649 344.5 665.5 348 L 682.003 351.503" stroke-linecap="round" />
</g>
</svg>
